16905640598099854
25230133406843513
8957962046730991
14294289436907403
10949906559535418
28179662462119909
20848690834284278
5962920227944130
15129107418293752
6002695762195648
6114627516150292
22521669951514122
13008050022403386
28091350245684079
23189230572909585
8101795236077784
3593606052472638
11330866710107896
9840541134611106
13915746912957553
19822110644988410
24750875289653592
25496607366081073
2269647499797729
15770582149454036
4472996328290429
8197094411507273
14151116175893923
19977244056516294
22071066831282832
10912395968228633
28293903648852908
15600461636809584
16248565278833955
23850742575902912
12384888390231181
0
0
0
0
0
0
0
0
0
0
0
0
