24948861045225956
21203603017242449
5137804740880040
17203989140901077
15884693750499599
202426034695061
21925627314327927
14915791625715646
2270637844838412
19287066862534400
23053628619630528
20205234482325465
1953994697959081
13694436956212586
2244645965787647
20803493439220167
13296675195272853
18296898451764242
20376008308269607
10239947264048958
1116873941458788
19425600591729552
20854422412323996
10085561279368253
16905640598099854
25230133406843513
8957962046730991
14294289436907403
10949906559535418
28179662462119909
20848690834284278
5962920227944130
15129107418293752
6002695762195648
6114627516150292
22521669951514122
13008050022403386
28091350245684079
23189230572909585
8101795236077784
3593606052472638
11330866710107896
9840541134611106
13915746912957553
19822110644988410
24750875289653592
25496607366081073
2269647499797729
0
0
0
0
0
0
0
0
0
0
0
0
2
24570392719139840
24072325127937242
