24948861045225956
21203603017242449
5137804740880040
17203989140901077
15884693750499599
202426034695061
21925627314327927
14915791625715646
2270637844838412
19287066862534400
23053628619630528
20205234482325465
1953994697959081
13694436956212586
2244645965787647
20803493439220167
13296675195272853
18296898451764242
20376008308269607
10239947264048958
1116873941458788
19425600591729552
20854422412323996
10085561279368253
16905640598099854
25230133406843513
8957962046730991
14294289436907403
10949906559535418
28179662462119909
20848690834284278
5962920227944130
15129107418293752
6002695762195648
6114627516150292
22521669951514122
13008050022403386
28091350245684079
23189230572909585
8101795236077784
3593606052472638
11330866710107896
9840541134611106
13915746912957553
19822110644988410
24750875289653592
25496607366081073
2269647499797729
15770582149454036
4472996328290429
8197094411507273
14151116175893923
19977244056516294
22071066831282832
10912395968228633
28293903648852908
15600461636809584
16248565278833955
23850742575902912
12384888390231181
24731271392756981
4234794164011219
5709721189329773
23115678305163655
11185048660199721
21406367947811616
14929808901464726
14209993563715217
19373914823111461
12307896526346864
16319890415782340
19440350754040851
0
0
0
0
0
0
0
0
0
0
0
0
1
23583597398619774
